,"prefers_type_regular_cups_(chocolate,_vanilla,_strawberry,_mango)",prefers_type_premium_cups_(exclusive_flavors),prefers_type_cone,prefers_type_lolly,"prefers_type_ice_cream_sticks_(chocbar,_crunchy_bar_etc.)",prefers_type_box_or_tubs,prefers_type_scoops_(from_ice_cream_parlor),prefers_type_other,factor_taste,factor_price,factor_availability,factor_brand_reputation,factor_flavors,factor_packaging,factor_health_value,factor_other,willing_to_try_pistachio,willing_to_try_orange,willing_to_try_carrot,willing_to_try_jalpai,willing_to_try_none_of_these,willing_to_try_other,marketing_channel_social_media,marketing_channel_tv_ads,marketing_channel_word_of_mouth,marketing_channel_in-store_promotions___shopkeeper_recommendation,marketing_channel_billboards,marketing_channel_online_ads,marketing_channel_other,motivation_price_discounts,motivation_new_flavors,motivation_availability,motivation_attractive_packaging,motivation_brand_reputation,motivation_word_of_mouth,motivation_advertisement,motivation_other,num_types_preferred,num_purchase_factors,num_marketing_channels
"prefers_type_regular_cups_(chocolate,_vanilla,_strawberry,_mango)",1.0,0.06948314609513322,0.07937560801191594,0.14831979262614983,0.06303358705315425,0.13057960837484073,-0.016120188426759698,0.5731430324411114,0.09156544310299616,0.1634464842768638,0.09698125277103828,0.2084467186182709,0.08928104359436158,0.14993023385707735,0.05699277862462076,0.05699277862462076,0.00931366604347734,0.018344908205675328,-0.04501630988320132,-0.13773946996690034,0.03921102332170313,0.08786284019778004,0.12625248377301232,0.014344536491154856,-0.06986404405647646,0.05138702309854395,0.1672053506568329,0.1136981370535062,-0.013730300661787884,0.25374009895915095,-0.03524445781520744,0.03932370568453657,0.03998176248035383,0.2041252141657959,0.08346523738979332,0.1285498253740029,0.14271906729756703,0.5275355833342243,0.2390207026133331,0.14259172639481796
prefers_type_premium_cups_(exclusive_flavors),0.06948314609513322,1.0,0.11020624416225938,0.3142192948469584,0.19886853661557033,0.08828963207393233,0.20818104776220328,0.12349910450146682,0.08940829769120932,0.08158314720256027,0.27572737166888955,0.18953974290881284,0.1736639828482629,0.2321444618221779,0.13671129679591942,0.13671129679591942,0.011477451235599106,0.01737625689187315,0.11347998650519457,0.1783627461555596,-0.03242432936095749,-0.05277291268321469,0.04868675848112716,0.017677112031497362,0.02799242275556448,0.005489512306334829,-0.023197423410417244,0.09201985355524298,0.0809514239227251,0.0493830706715496,0.03453462753687751,-0.0010060802864193912,0.17751861512625605,0.11875878017910942,0.1831055908184386,0.17638209271288183,0.13667650547937102,0.519123657550477,0.33435986140219354,0.08736650051135786
prefers_type_cone,0.07937560801191594,0.11020624416225938,1.0,0.11020624416225945,0.056420051367263,0.04004936458861245,0.12160392587213127,-0.036503091532773715,0.1220095025564398,0.25657551403519185,0.12794834042128464,0.12794834042128467,0.17273993572605303,0.2496023538122342,-0.1737089158803913,-0.1737089158803913,0.13700384474873623,-0.06581036274135652,0.09425191917430459,0.017317477782204396,-0.03724781584964576,-0.10415433852097383,0.05543555176331891,0.10460218220960724,-0.0006388181614377487,0.13397455149833654,0.04425708371198288,0.06911795253519318,0.17147518829030264,0.1174796846330304,0.0855671554451173,0.11516670279090814,0.06911795253519312,0.16544503546018954,0.11909217612442494,0.10225431628343253,0.05004438034824695,0.39501347250332547,0.2135600004080495,0.19511238597073063
prefers_type_lolly,0.14831979262614983,0.3142192948469584,0.11020624416225945,1.0,0.08015106281807974,0.20849936189767093,0.25060827338558844,-0.017075438886054884,0.0894082976912093,0.2014189733839142,0.18953974290881279,0.10335211414873612,0.3433728853418034,0.08052243325197316,0.1367112967959194,0.1367112967959194,0.051310958465031406,0.059221120427404426,0.17634683348929295,0.12480853738620597,-0.1318027933763597,-0.05277291268321462,0.004831510383623292,0.01767711203149739,0.24530202046323607,0.05175825888829991,0.08629441508675206,0.13476923434074956,0.0809514239227252,0.049383070671549616,0.2840296917828906,0.15728388477690136,0.0492704727697364,0.11875878017910947,0.22738112302453647,0.23387680801708097,0.04707746299845012,0.5191236575504768,0.33435986140219365,0.22528284914467211
"prefers_type_ice_cream_sticks_(chocbar,_crunchy_bar_etc.)",0.06303358705315425,0.19886853661557033,0.056420051367263,0.08015106281807974,1.0,0.08876519084457711,0.05944226953605695,0.6032258296999978,0.06796058244020536,0.1034326155138058,0.10146992769801105,0.2506718151542768,0.0874517159143037,0.3447794547397051,0.1911523908994181,0.1911523908994181,0.22557098121423405,0.05494302525184644,-0.008761786413287261,-0.06796058244020554,-0.11481277662310695,-0.10238251947232511,0.08267459524959038,0.117305205533996,0.04782087786823131,0.06312742298115247,0.1935602491973589,0.08027626826688153,0.04020333593225559,0.03234698354268031,0.18118178535252977,0.16458635703918714,0.1542809530754128,0.13595252567645147,-0.062356596207833445,0.20833980752056536,-0.023660463667257676,0.5496449693207738,0.32907935156885265,0.2266110853096022
prefers_type_box_or_tubs,0.13057960837484073,0.08828963207393233,0.04004936458861245,0.20849936189767093,0.08876519084457711,1.0,0.22121985430386665,-0.08283325737899722,0.17502038708474443,0.10265589050750745,0.2176537758319929,0.3687311025859646,0.4109269088493477,0.13514061940433386,-0.0052668065314971785,-0.0052668065314971785,0.2562175032342354,0.07832223156394852,0.09432252213788848,0.20047789793343465,-0.14615033883979844,-0.07655590023509536,-0.06058664063704311,0.0540736273960896,0.08264017440710714,0.06529556615835055,0.03253000243161779,0.20067314773265438,0.1197998420888031,-0.014037248126871904,0.19210711456800197,0.2927487751033073,0.08827078333809797,0.1900399156826522,0.1933674956451911,0.12555025944640186,0.20097991940623106,0.44784256597749583,0.380078474653846,0.17363121704950715
prefers_type_scoops_(from_ice_cream_parlor),-0.016120188426759698,0.20818104776220328,0.12160392587213127,0.25060827338558844,0.05944226953605695,0.22121985430386665,1.0,-0.11018570090578249,-0.0021058732845194604,0.08764724033270738,0.04100803225919479,0.2409645531924588,0.3386720053386722,0.192377835141359,0.18077650590094552,0.18077650590094552,0.20989010881732376,0.06877919135734191,0.05389106928510319,0.15120170182849724,-0.14810513551098392,-0.06248351053977578,0.014140802362863272,-0.1322006501331085,0.13467089575106403,0.052398499459457286,0.018082966026816343,0.10758418401949592,0.10837471297191541,0.006812236036465681,0.05951832759922866,0.0874517159143037,0.147255851876685,0.2765885910941933,0.24513485849790684,0.052451092745548204,0.17616190605272247,0.44216314274006935,0.31973919881489904,0.09571920615397425
prefers_type_other,0.5731430324411114,0.12349910450146682,-0.036503091532773715,-0.017075438886054884,0.6032258296999978,-0.08283325737899722,-0.11018570090578249,1.0,0.035817374608142244,0.07320778917814474,0.08871002454439063,0.08871002454439059,-0.02026827274186626,0.2089572372435574,0.14730418195742664,0.14730418195742664,0.06366134153242121,0.08250446069461682,-0.19493925957690464,-0.20048426566375763,0.013379300093671477,0.05035797466984431,0.15503344520911727,-0.006749726309171903,-0.05436017076051367,0.06671219640313046,0.06276753890160056,0.054211584489160955,-0.09385019343538314,0.11011935817926524,-0.049120076343195894,-0.03540299741259248,0.010396742230797933,0.040049364588612475,-0.03076544448597403,0.09787987722092883,0.03424249978603202,0.5170505552082773,0.18340300169128587,0.08235649776147518
factor_taste,0.09156544310299616,0.08940829769120932,0.1220095025564398,0.0894082976912093,0.06796058244020536,0.17502038708474443,-0.0021058732845194604,0.035817374608142244,1.0,0.09873755390593528,0.13304327375332048,0.08256383226492237,0.05180448279917876,-0.027092707303603136,-0.1096940236233295,-0.1096940236233295,0.04428780603357252,0.013707987285663277,0.006864864377089795,0.003721424774056345,0.09914616928089671,0.040501049044047076,-0.06747934643201557,0.14007474412476872,0.12598224758845988,-0.02663994509376761,0.05760699414746555,-0.010184944513703291,0.11814296175526007,-0.01563421109580729,0.22208057891294733,0.11745788525792746,0.14004298706342067,0.14988221603904314,0.059775097863510894,0.1061594034099554,0.10139716604217926,0.1740320748895219,0.2778512448207381,0.11260800239719077
factor_price,0.1634464842768638,0.08158314720256027,0.25657551403519185,0.2014189733839142,0.1034326155138058,0.10265589050750745,0.08764724033270738,0.07320778917814474,0.09873755390593528,1.0,0.17070967214980234,0.09540596630428215,0.17183885470247642,0.18262081629132307,-0.039815719215486926,-0.039815719215486926,0.11266819039423481,-0.02943439886838427,0.1866618051952805,0.08842760851816711,-0.06291407335205265,-0.10970680682690062,0.1263166452785174,0.1020569196439891,0.1943726929573347,-0.015074045461329694,0.26186272327150084,0.25955720592258796,0.22725955166024797,0.20349006722907967,0.23215148362163762,0.2077442617543581,0.11015354592812267,0.176060201811173,0.24325238391102283,0.13282258597254254,-0.03980558661252528,0.2766515785823632,0.4731309200753706,0.401326382599905
factor_availability,0.09698125277103828,0.27572737166888955,0.12794834042128464,0.18953974290881279,0.10146992769801105,0.2176537758319929,0.04100803225919479,0.08871002454439063,0.13304327375332048,0.17070967214980234,1.0,0.1469879518072289,0.23893109704737434,0.2608029459237643,0.030681461724201352,0.030681461724201352,0.06872918978719515,0.056489507331770675,0.06779448632287553,0.06887449220027203,-0.17901018972829996,-0.06003465857874309,0.11525410346278712,0.16368157601777544,-0.00347174509097009,0.20475590059109924,0.18891847270381884,0.1338612333377648,-0.02751935635479948,0.007548289552845782,0.1906608509539907,0.3461357346707857,0.05327130714462075,0.08955228032371466,0.22988787905654617,0.12216547587734548,0.018608683229876133,0.2886212011578744,0.5432551869946975,0.29662680172639644
factor_brand_reputation,0.2084467186182709,0.18953974290881284,0.12794834042128467,0.10335211414873612,0.2506718151542768,0.3687311025859646,0.2409645531924588,0.08871002454439059,0.08256383226492237,0.09540596630428215,0.1469879518072289,1.0,0.2789224012340273,0.26080294592376435,0.1977774224990828,0.1977774224990828,0.181368695271765,0.017047129431481126,-0.050720319397114265,0.06887449220027203,-0.03850108293491155,-0.06003465857874313,0.19792877950296278,0.04802633068785028,-0.08540492923786452,0.030306830051390135,0.13731574173379435,0.33533604882062545,0.04628255386943564,0.04466071318767088,0.11227067530043353,0.19693384721452006,0.2950410857240534,0.5582573604050921,0.021220419605219684,0.28474659790960233,0.01860868322987619,0.4107998620964547,0.5885664519286963,0.2641273007015918
factor_flavors,0.08928104359436158,0.1736639828482629,0.17273993572605303,0.3433728853418034,0.0874517159143037,0.4109269088493477,0.3386720053386722,-0.02026827274186626,0.05180448279917876,0.17183885470247642,0.23893109704737434,0.2789224012340273,1.0,0.18283843835748992,0.03857185087346654,0.03857185087346654,0.3076299803859879,0.16421443295365354,0.12113130252156223,0.1966885647741177,-0.31301375605355697,-0.13678822577626598,0.06725503562825215,0.05628981453356195,0.14765945930065913,0.16228979693693013,0.18513512836978624,0.20978915883801708,-0.035714394047563096,-0.04335059295932697,0.3649585362677976,0.27978324771159785,0.13044582312363884,0.22681686519035385,0.37118431698688703,0.21432601690853306,0.07328335291793252,0.40988226008085205,0.5501631322203747,0.30424064958855246
factor_packaging,0.14993023385707735,0.2321444618221779,0.2496023538122342,0.08052243325197316,0.3447794547397051,0.13514061940433386,0.192377835141359,0.2089572372435574,-0.027092707303603136,0.18262081629132307,0.2608029459237643,0.26080294592376435,0.18283843835748992,1.0,0.14393358716086394,0.14393358716086394,0.10225019557704361,-0.10506111072706256,0.10954679137473394,-0.09131245794918107,-0.07075724426009869,-0.04425708371198287,0.10435669751124747,0.13487481036236615,-0.016286731354043852,0.09102738515680234,0.09949895520829394,0.20264942851200454,0.04401117438872066,0.0789363779189861,0.06700453428393943,0.18017506989623272,0.20264942851200476,0.12027335333521595,0.05060444416455596,0.12819465647793182,-0.011751584892036803,0.41064851985343387,0.5424467291259505,0.24807443866806908
factor_health_value,0.05699277862462076,0.13671129679591942,-0.1737089158803913,0.1367112967959194,0.1911523908994181,-0.0052668065314971785,0.18077650590094552,0.14730418195742664,-0.1096940236233295,-0.039815719215486926,0.030681461724201352,0.1977774224990828,0.03857185087346654,0.14393358716086394,1.0,1.0,-0.033159646484229255,0.0022917113375690978,-0.13427774639211162,-0.16718073119063614,0.06912159617300855,-0.03528044759599944,0.12441395307994622,0.08108667148685746,0.03808435840399935,-0.03344871385602569,0.050370793407280796,0.023412488975383488,-0.10291428665241599,0.06986523926231926,0.05829998335404771,-0.03771033561961312,0.07866596295728845,0.1277478208697959,0.05334629085465192,0.1461045247087312,-0.0883270307157578,0.16363006927535537,0.4790215699548938,0.08837295350502201
factor_other,0.05699277862462076,0.13671129679591942,-0.1737089158803913,0.1367112967959194,0.1911523908994181,-0.0052668065314971785,0.18077650590094552,0.14730418195742664,-0.1096940236233295,-0.039815719215486926,0.030681461724201352,0.1977774224990828,0.03857185087346654,0.14393358716086394,1.0,1.0,-0.033159646484229255,0.0022917113375690978,-0.13427774639211162,-0.16718073119063614,0.06912159617300855,-0.03528044759599944,0.12441395307994622,0.08108667148685746,0.03808435840399935,-0.03344871385602569,0.050370793407280796,0.023412488975383488,-0.10291428665241599,0.06986523926231926,0.05829998335404771,-0.03771033561961312,0.07866596295728845,0.1277478208697959,0.05334629085465192,0.1461045247087312,-0.0883270307157578,0.16363006927535537,0.4790215699548938,0.08837295350502201
willing_to_try_pistachio,0.00931366604347734,0.011477451235599106,0.13700384474873623,0.051310958465031406,0.22557098121423405,0.2562175032342354,0.20989010881732376,0.06366134153242121,0.04428780603357252,0.11266819039423481,0.06872918978719515,0.181368695271765,0.3076299803859879,0.10225019557704361,-0.033159646484229255,-0.033159646484229255,1.0,-0.017302255437516772,0.027851299670606976,-0.04428780603357262,-0.573814567517013,-0.10781433867501869,0.07706746355884524,0.22166225237231307,-0.022463606347822764,0.03484660262185848,0.07761140001162654,0.08396223711454154,0.09481194446289043,-0.01976877835631601,0.2916801332810131,0.22264907731249534,0.12120864305257117,0.18558093976750703,0.13730476750355955,0.13924330021632153,0.12040576821567905,0.2534659411589398,0.2115456252735086,0.20697545276514998
willing_to_try_orange,0.018344908205675328,0.01737625689187315,-0.06581036274135652,0.059221120427404426,0.05494302525184644,0.07832223156394852,0.06877919135734191,0.08250446069461682,0.013707987285663277,-0.02943439886838427,0.056489507331770675,0.017047129431481126,0.16421443295365354,-0.10506111072706256,0.0022917113375690978,0.0022917113375690978,-0.017302255437516772,1.0,0.15555304185906374,0.23137420963983132,-0.3457171094794251,-0.06495698024616307,-0.204438266630207,-0.12023433378823047,0.03034013848311817,0.07393006717664631,0.0025478223832250406,0.04310615900632577,0.16883310618810543,-0.13803936845491285,0.00838591009044376,0.12615409708664194,-0.07427522782628433,0.0035063251548856865,0.09821910427362694,0.03746048187914249,0.08339706377450878,0.0778350199129532,0.037193264842398696,-0.03610402934995138
willing_to_try_carrot,-0.04501630988320132,0.11347998650519457,0.09425191917430459,0.17634683348929295,-0.008761786413287261,0.09432252213788848,0.05389106928510319,-0.19493925957690464,0.006864864377089795,0.1866618051952805,0.06779448632287553,-0.050720319397114265,0.12113130252156223,0.10954679137473394,-0.13427774639211162,-0.13427774639211162,0.027851299670606976,0.15555304185906374,1.0,0.2877002252580364,-0.1731327159821574,-0.03253000243161777,0.03832908968626752,0.1834972433645833,-0.044569446932635017,-0.1326381668569383,0.0012759316705849427,0.11956022934483665,0.33576865955683327,0.07524677658355408,0.08043859297375859,0.11759239659938166,0.0019926704890805783,0.04319620198480264,0.02889332259602631,-0.060299832607897084,0.16497043696489364,0.07363676763321539,0.06820243676784593,0.1478595047500716
willing_to_try_jalpai,-0.13773946996690034,0.1783627461555596,0.017317477782204396,0.12480853738620597,-0.06796058244020554,0.20047789793343465,0.15120170182849724,-0.20048426566375763,0.003721424774056345,0.08842760851816711,0.06887449220027203,0.06887449220027203,0.1966885647741177,-0.09131245794918107,-0.16718073119063614,-0.16718073119063614,-0.04428780603357262,0.23137420963983132,0.2877002252580364,1.0,-0.21555659689428772,-0.040501049044047055,-0.13800614721902543,-0.09216512149658693,0.17948155820821698,0.08083845407763973,-0.05760699414746551,0.06026092170607798,0.24872202474791624,-0.1688494798347196,0.07017416062305029,0.1606698162892721,0.06026092170607798,0.061927382674814194,0.19954334139730853,0.02853747403493426,0.10851275664163051,0.06637452517351454,0.03185327710053117,0.06913925983049408
willing_to_try_none_of_these,0.03921102332170313,-0.03242432936095749,-0.03724781584964576,-0.1318027933763597,-0.11481277662310695,-0.14615033883979844,-0.14810513551098392,0.013379300093671477,0.09914616928089671,-0.06291407335205265,-0.17901018972829996,-0.03850108293491155,-0.31301375605355697,-0.07075724426009869,0.06912159617300855,0.06912159617300855,-0.573814567517013,-0.3457171094794251,-0.1731327159821574,-0.21555659689428772,1.0,-0.045489292734513694,0.020600512393626702,-0.06140405107575563,-0.0768592967633193,-0.12358677710444786,-0.0897548714210477,-0.04724951432916794,-0.047596703922186526,0.1414325150613484,-0.1899672163108623,-0.18625183763304012,-0.0007874919054860597,-0.04163631791214144,-0.10765990479675411,-0.06990176365530003,-0.11388557771741817,-0.14356407810042504,-0.13471070644589,-0.15211692825637674
willing_to_try_other,0.08786284019778004,-0.05277291268321469,-0.10415433852097383,-0.05277291268321462,-0.10238251947232511,-0.07655590023509536,-0.06248351053977578,0.05035797466984431,0.040501049044047076,-0.10970680682690062,-0.06003465857874309,-0.06003465857874313,-0.13678822577626598,-0.04425708371198287,-0.03528044759599944,-0.03528044759599944,-0.10781433867501869,-0.06495698024616307,-0.03253000243161777,-0.040501049044047055,-0.045489292734513694,1.0,-0.14837460030282146,-0.07000203497245565,0.14531393175878768,-0.05156616454358409,-0.03922322702763682,-0.06125638918316886,-0.02493191973355882,-0.09403048962790746,-0.1290994448735806,-0.08348113126204974,-0.061256389183168905,-0.053979189635941345,-0.05639399125837508,-0.03661566909207266,0.3994297930101855,-0.08211937065975813,-0.12102214507507408,-0.09194955379108814
marketing_channel_social_media,0.12625248377301232,0.04868675848112716,0.05543555176331891,0.004831510383623292,0.08267459524959038,-0.06058664063704311,0.014140802362863272,0.15503344520911727,-0.06747934643201557,0.1263166452785174,0.11525410346278712,0.19792877950296278,0.06725503562825215,0.10435669751124747,0.12441395307994622,0.12441395307994622,0.07706746355884524,-0.204438266630207,0.03832908968626752,-0.13800614721902543,0.020600512393626702,-0.14837460030282146,1.0,0.11869622962000198,-0.1038727898166645,-0.18505396703545401,0.05429466343317951,0.08479401838835389,-0.20749604881505965,0.25605539589550835,-0.0074366775478859545,0.03120403011365865,0.08479401838835386,0.1469912879008079,-0.0021595367685788326,0.0813247502591829,-0.19957194664527733,0.10791718942163354,0.20467031151992127,0.3385854222732887
marketing_channel_tv_ads,0.014344536491154856,0.017677112031497362,0.10460218220960724,0.01767711203149739,0.117305205533996,0.0540736273960896,-0.1322006501331085,-0.006749726309171903,0.14007474412476872,0.1020569196439891,0.16368157601777544,0.04802633068785028,0.05628981453356195,0.13487481036236615,0.08108667148685746,0.08108667148685746,0.22166225237231307,-0.12023433378823047,0.1834972433645833,-0.09216512149658693,-0.06140405107575563,-0.07000203497245565,0.11869622962000198,1.0,-0.09291913265841745,-0.04981076531812625,0.16850970625604286,0.11019347551545645,0.00593599879950371,0.14566839681946195,0.20743581267094086,0.20130893328212596,0.11019347551545643,0.20494360018720567,-0.14500890481971998,0.2658917719910202,-0.09509956702624271,0.05216506452006093,0.20217604605770229,0.5115566331933982
marketing_channel_word_of_mouth,-0.06986404405647646,0.02799242275556448,-0.0006388181614377487,0.24530202046323607,0.04782087786823131,0.08264017440710714,0.13467089575106403,-0.05436017076051367,0.12598224758845988,0.1943726929573347,-0.00347174509097009,-0.08540492923786452,0.14765945930065913,-0.016286731354043852,0.03808435840399935,0.03808435840399935,-0.022463606347822764,0.03034013848311817,-0.044569446932635017,0.17948155820821698,-0.0768592967633193,0.14531393175878768,-0.1038727898166645,-0.09291913265841745,1.0,0.0410027809639086,0.09438400878445181,-0.015153585313452872,-0.022708166147411606,-0.0856436248877738,0.21841939366860486,0.17789366566982082,0.02548557529989801,0.058269181502270756,0.36953573243563287,0.07596344800675646,0.023098630955841276,0.10233716841004971,0.11540760008959729,0.35054841482724175
marketing_channel_in-store_promotions___shopkeeper_recommendation,0.05138702309854395,0.005489512306334829,0.13397455149833654,0.05175825888829991,0.06312742298115247,0.06529556615835055,0.052398499459457286,0.06671219640313046,-0.02663994509376761,-0.015074045461329694,0.20475590059109924,0.030306830051390135,0.16228979693693013,0.09102738515680234,-0.03344871385602569,-0.03344871385602569,0.03484660262185848,0.07393006717664631,-0.1326381668569383,0.08083845407763973,-0.12358677710444786,-0.05156616454358409,-0.18505396703545401,-0.04981076531812625,0.0410027809639086,1.0,0.15118870556810132,-0.023465052326598027,-0.15042028661807086,-0.049301821323780685,0.18901588419231985,0.1771640580438795,-0.02346505232659796,0.22331621049563274,0.1526516728457024,0.18639379565539055,-0.038422453831422766,0.12765978927190078,0.10904924256202242,0.30014666770443693
marketing_channel_billboards,0.1672053506568329,-0.023197423410417244,0.04425708371198288,0.08629441508675206,0.1935602491973589,0.03253000243161779,0.018082966026816343,0.06276753890160056,0.05760699414746555,0.26186272327150084,0.18891847270381884,0.13731574173379435,0.18513512836978624,0.09949895520829394,0.050370793407280796,0.050370793407280796,0.07761140001162654,0.0025478223832250406,0.0012759316705849427,-0.05760699414746551,-0.0897548714210477,-0.03922322702763682,0.05429466343317951,0.16850970625604286,0.09438400878445181,0.15118870556810132,1.0,0.23079011479094014,-0.11441551070947104,0.03995527512378197,0.10464973459864563,0.2329148226856185,0.12840953755285386,0.23945961891498344,0.006290245103533925,0.31389611883627877,-0.09819805060619662,0.1534606237731131,0.2792778457767926,0.5689211024405015
marketing_channel_online_ads,0.1136981370535062,0.09201985355524298,0.06911795253519318,0.13476923434074956,0.08027626826688153,0.20067314773265438,0.10758418401949592,0.054211584489160955,-0.010184944513703291,0.25955720592258796,0.1338612333377648,0.33533604882062545,0.20978915883801708,0.20264942851200454,0.023412488975383488,0.023412488975383488,0.08396223711454154,0.04310615900632577,0.11956022934483665,0.06026092170607798,-0.04724951432916794,-0.06125638918316886,0.08479401838835389,0.11019347551545645,-0.015153585313452872,-0.023465052326598027,0.23079011479094014,1.0,-0.032262931866215906,0.06239965623375282,0.16343542732914695,0.3267494981800411,0.28048780487804875,0.2894351157197594,0.13402350502490887,0.11389948355226442,-0.06957981386033098,0.21946487413463794,0.32378594776455466,0.5338683035908327
marketing_channel_other,-0.013730300661787884,0.0809514239227251,0.17147518829030264,0.0809514239227252,0.04020333593225559,0.1197998420888031,0.10837471297191541,-0.09385019343538314,0.11814296175526007,0.22725955166024797,-0.02751935635479948,0.04628255386943564,-0.035714394047563096,0.04401117438872066,-0.10291428665241599,-0.10291428665241599,0.09481194446289043,0.16883310618810543,0.33576865955683327,0.24872202474791624,-0.047596703922186526,-0.02493191973355882,-0.20749604881505965,0.00593599879950371,-0.022708166147411606,-0.15042028661807086,-0.11441551070947104,-0.032262931866215906,1.0,-0.004571503208825071,0.05069447770645303,0.09533933949649225,0.11416114352661008,-0.0026243194054073765,0.13879959544451204,0.09012024053458077,0.3979197122568791,0.13043290477504643,0.0586050711303272,0.027022167269470803
motivation_price_discounts,0.25374009895915095,0.0493830706715496,0.1174796846330304,0.049383070671549616,0.03234698354268031,-0.014037248126871904,0.006812236036465681,0.11011935817926524,-0.01563421109580729,0.20349006722907967,0.007548289552845782,0.04466071318767088,-0.04335059295932697,0.0789363779189861,0.06986523926231926,0.06986523926231926,-0.01976877835631601,-0.13803936845491285,0.07524677658355408,-0.1688494798347196,0.1414325150613484,-0.09403048962790746,0.25605539589550835,0.14566839681946195,-0.0856436248877738,-0.049301821323780685,0.03995527512378197,0.06239965623375282,-0.004571503208825071,1.0,-0.16691515516711516,-0.06642684120371843,-0.08486353247790372,0.18475510257514233,0.10404998811499597,0.14182964017949853,-0.08108628932418621,0.15703804794208745,0.10718125550877727,0.14645395923930013
motivation_new_flavors,-0.03524445781520744,0.03453462753687751,0.0855671554451173,0.2840296917828906,0.18118178535252977,0.19210711456800197,0.05951832759922866,-0.049120076343195894,0.22208057891294733,0.23215148362163762,0.1906608509539907,0.11227067530043353,0.3649585362677976,0.06700453428393943,0.05829998335404771,0.05829998335404771,0.2916801332810131,0.00838591009044376,0.08043859297375859,0.07017416062305029,-0.1899672163108623,-0.1290994448735806,-0.0074366775478859545,0.20743581267094086,0.21841939366860486,0.18901588419231985,0.10464973459864563,0.16343542732914695,0.05069447770645303,-0.16691515516711516,1.0,0.28671865022117504,0.1245536119564869,0.21254484421013548,0.23547650373312323,0.1790374942123468,0.0027624731005491663,0.19399199085639424,0.34718387114385946,0.35160116176370726
motivation_availability,0.03932370568453657,-0.0010060802864193912,0.11516670279090814,0.15728388477690136,0.16458635703918714,0.2927487751033073,0.0874517159143037,-0.03540299741259248,0.11745788525792746,0.2077442617543581,0.3461357346707857,0.19693384721452006,0.27978324771159785,0.18017506989623272,-0.03771033561961312,-0.03771033561961312,0.22264907731249534,0.12615409708664194,0.11759239659938166,0.1606698162892721,-0.18625183763304012,-0.08348113126204974,0.03120403011365865,0.20130893328212596,0.17789366566982082,0.1771640580438795,0.2329148226856185,0.3267494981800411,0.09533933949649225,-0.06642684120371843,0.28671865022117504,1.0,0.1787401285629784,0.17706987490542703,0.2156498952187573,0.18978322547419924,-0.053893278353197786,0.217021417178838,0.3470627932297276,0.4597979387197063
motivation_attractive_packaging,0.03998176248035383,0.17751861512625605,0.06911795253519312,0.0492704727697364,0.1542809530754128,0.08827078333809797,0.147255851876685,0.010396742230797933,0.14004298706342067,0.11015354592812267,0.05327130714462075,0.2950410857240534,0.13044582312363884,0.20264942851200476,0.07866596295728845,0.07866596295728845,0.12120864305257117,-0.07427522782628433,0.0019926704890805783,0.06026092170607798,-0.0007874919054860597,-0.061256389183168905,0.08479401838835386,0.11019347551545643,0.02548557529989801,-0.02346505232659796,0.12840953755285386,0.28048780487804875,0.11416114352661008,-0.08486353247790372,0.1245536119564869,0.1787401285629784,1.0,0.2894351157197595,0.258223297639615,0.3827022647356085,0.09797973788495569,0.18916434159030807,0.27883683972194573,0.259830479383256
motivation_brand_reputation,0.2041252141657959,0.11875878017910942,0.16544503546018954,0.11875878017910947,0.13595252567645147,0.1900399156826522,0.2765885910941933,0.040049364588612475,0.14988221603904314,0.176060201811173,0.08955228032371466,0.5582573604050921,0.22681686519035385,0.12027335333521595,0.1277478208697959,0.1277478208697959,0.18558093976750703,0.0035063251548856865,0.04319620198480264,0.061927382674814194,-0.04163631791214144,-0.053979189635941345,0.1469912879008079,0.20494360018720567,0.058269181502270756,0.22331621049563274,0.23945961891498344,0.2894351157197594,-0.0026243194054073765,0.18475510257514233,0.21254484421013548,0.17706987490542703,0.2894351157197595,1.0,0.03784199234683623,0.507783483048204,-0.046548435572603866,0.3251168964874331,0.41206992411440274,0.4420355738349556
motivation_word_of_mouth,0.08346523738979332,0.1831055908184386,0.11909217612442494,0.22738112302453647,-0.062356596207833445,0.1933674956451911,0.24513485849790684,-0.03076544448597403,0.059775097863510894,0.24325238391102283,0.22988787905654617,0.021220419605219684,0.37118431698688703,0.05060444416455596,0.05334629085465192,0.05334629085465192,0.13730476750355955,0.09821910427362694,0.02889332259602631,0.19954334139730853,-0.10765990479675411,-0.05639399125837508,-0.0021595367685788326,-0.14500890481971998,0.36953573243563287,0.1526516728457024,0.006290245103533925,0.13402350502490887,0.13879959544451204,0.10404998811499597,0.23547650373312323,0.2156498952187573,0.258223297639615,0.03784199234683623,1.0,0.14816490813374122,0.2058966023340676,0.24272494147253015,0.29549820718809017,0.2280754714453601
motivation_advertisement,0.1285498253740029,0.17638209271288183,0.10225431628343253,0.23387680801708097,0.20833980752056536,0.12555025944640186,0.052451092745548204,0.09787987722092883,0.1061594034099554,0.13282258597254254,0.12216547587734548,0.28474659790960233,0.21432601690853306,0.12819465647793182,0.1461045247087312,0.1461045247087312,0.13924330021632153,0.03746048187914249,-0.060299832607897084,0.02853747403493426,-0.06990176365530003,-0.03661566909207266,0.0813247502591829,0.2658917719910202,0.07596344800675646,0.18639379565539055,0.31389611883627877,0.11389948355226442,0.09012024053458077,0.14182964017949853,0.1790374942123468,0.18978322547419924,0.3827022647356085,0.507783483048204,0.14816490813374122,1.0,0.02100767389022981,0.2866450496402646,0.3278816743558334,0.40824580988201126
motivation_other,0.14271906729756703,0.13667650547937102,0.05004438034824695,0.04707746299845012,-0.023660463667257676,0.20097991940623106,0.17616190605272247,0.03424249978603202,0.10139716604217926,-0.03980558661252528,0.018608683229876133,0.01860868322987619,0.07328335291793252,-0.011751584892036803,-0.0883270307157578,-0.0883270307157578,0.12040576821567905,0.08339706377450878,0.16497043696489364,0.10851275664163051,-0.11388557771741817,0.3994297930101855,-0.19957194664527733,-0.09509956702624271,0.023098630955841276,-0.038422453831422766,-0.09819805060619662,-0.06957981386033098,0.3979197122568791,-0.08108628932418621,0.0027624731005491663,-0.053893278353197786,0.09797973788495569,-0.046548435572603866,0.2058966023340676,0.02100767389022981,1.0,0.19662154015317135,0.0031935417796540907,-0.09505855445461255
num_types_preferred,0.5275355833342243,0.519123657550477,0.39501347250332547,0.5191236575504768,0.5496449693207738,0.44784256597749583,0.44216314274006935,0.5170505552082773,0.1740320748895219,0.2766515785823632,0.2886212011578744,0.4107998620964547,0.40988226008085205,0.41064851985343387,0.16363006927535537,0.16363006927535537,0.2534659411589398,0.0778350199129532,0.07363676763321539,0.06637452517351454,-0.14356407810042504,-0.08211937065975813,0.10791718942163354,0.05216506452006093,0.10233716841004971,0.12765978927190078,0.1534606237731131,0.21946487413463794,0.13043290477504643,0.15703804794208745,0.19399199085639424,0.217021417178838,0.18916434159030807,0.3251168964874331,0.24272494147253015,0.2866450496402646,0.19662154015317135,1.0,0.5976426316068599,0.3181159177273186
num_purchase_factors,0.2390207026133331,0.33435986140219354,0.2135600004080495,0.33435986140219365,0.32907935156885265,0.380078474653846,0.31973919881489904,0.18340300169128587,0.2778512448207381,0.4731309200753706,0.5432551869946975,0.5885664519286963,0.5501631322203747,0.5424467291259505,0.4790215699548938,0.4790215699548938,0.2115456252735086,0.037193264842398696,0.06820243676784593,0.03185327710053117,-0.13471070644589,-0.12102214507507408,0.20467031151992127,0.20217604605770229,0.11540760008959729,0.10904924256202242,0.2792778457767926,0.32378594776455466,0.0586050711303272,0.10718125550877727,0.34718387114385946,0.3470627932297276,0.27883683972194573,0.41206992411440274,0.29549820718809017,0.3278816743558334,0.0031935417796540907,0.5976426316068599,1.0,0.48350474972768354
num_marketing_channels,0.14259172639481796,0.08736650051135786,0.19511238597073063,0.22528284914467211,0.2266110853096022,0.17363121704950715,0.09571920615397425,0.08235649776147518,0.11260800239719077,0.401326382599905,0.29662680172639644,0.2641273007015918,0.30424064958855246,0.24807443866806908,0.08837295350502201,0.08837295350502201,0.20697545276514998,-0.03610402934995138,0.1478595047500716,0.06913925983049408,-0.15211692825637674,-0.09194955379108814,0.3385854222732887,0.5115566331933982,0.35054841482724175,0.30014666770443693,0.5689211024405015,0.5338683035908327,0.027022167269470803,0.14645395923930013,0.35160116176370726,0.4597979387197063,0.259830479383256,0.4420355738349556,0.2280754714453601,0.40824580988201126,-0.09505855445461255,0.3181159177273186,0.48350474972768354,1.0
